[Attachments]
O_ScaleZ_0 = 1.000000
O_ScaleY_0 = 1.000000
O_ScaleX_0 = 1.000000
O_RotZ_0 = 95.699974
O_RotY_0 = -31.299966
O_RotX_0 = 13.699995
O_OffZ_0 = 0.011000
O_OffY_0 = 0.023000
O_OffX_0 = 0.056999
O_Bone_0 = 6
O_Model_0 = 19621
